22222222 43 
21332223 48.3 
31312133 52.6 
32233232 39.8 
21133313 50.8 
23113323 51
31312113 45
12211232 49.1 
22132331 53.3 
23133121 47.3 
21232233 50.6 
11113311 51.2 
21133312 45.4
12212332 48.4 
32312231 52.6 
11332233 43.3 
31212323 48.7 
22111223 51.3 
12232332 39.2 
32312322 49.1 
21213231 54.9 
22133232 47.9 
21232332 49.3 
21332312 52.9 
22233221 46.8 
22212322 50.7 
22332211 53
23112323 46 
31312212 48.9 
22113323 53.8 
12332233 47.1 
22113332 48.7 
22213132 52
32132233 42.9 
31213332 50.8 
22331223 51.7 
22331123 47.9 
22333332 49 
23112233 51
21132222 45.6 
22232331 50.5 
22112223 52.8 
23233212 39.5 
21132321 49.3 
32313231 52.5 
32211323 46.6 
22113223 49.9 
29332223 52.4 
32333233 47.2 
22232233 49.6 
22232333 53.7 
23332331 48 
22333211 50.7 
31312332 54.9 
21233132 42.4 
23213212 49 
21333221 51.3 
32212231 47.4 
23333213 50.1 
23213333 56.1 
23212212 48 
23333131 50.5 
21333233 54.2 
22233211 46.3 
22333223 49.9 
21313112 54.8 
31212321 44.9 
11313233 48.3 
31112333 55.7 
32132232 42.5 
21113322 50.4 
31212331 51.8 
02232322 45.4 
31213233 50.6 
23312323 53.8 
31333233 46.5 
23312121 49.3 
22112323 55.3 
12212212 44.8 
32212232 48.8 
31312323 52.3 
22233212 44 
11212333 50.4 
22333231 53.1 
22132113 40.6 
23331233 50.9 
23332231 51.4 
22232222 47.5 
22133323 49.4 
31113131 54.9 
23231233 45.5 
22233323 48.4 
21113133 51.9 
11331312 143.5 
21132323 50.1 
21111323 54.4 
33333233 46.3 
12112333 50.9 
23112333 54.3 
22232123 43.1 
12211333 50.6 
23313233 56.3 
22212123 47.7 
21313122 50.5 
22132231 53
23113112 46.3 
21132212 48.8 
22113232 51.1 
12213212 44 
21332322 48.8 
22112211 54.7 
23132233 43.6 
32212323 48.4 
33312333 54.7 
23133233 43.1 
21333223 49.1 
22312111 53
23332223 46.7 
23213232 48.5 
21212321 53.3 
31212212 47.1 
22333321 49.2 
12313331 51.2 
21232212 47.8 
21332112 50.4 
22312311 55.6 
11331333 46.3 
32212233 49.9 
21312323 61.5
21232321 46 
22113111 49.2 
21212333 63.2 
21133232 46.4 
23212211 50.7 
22313323 60 
23132231 48 
23313323 50.9 
22313233 58.5 
12232232 40.9 
11111111 55 
31311233 56.9 
21132112 47.1 
32313233 52.9 
31312233 57.9 
23133311 44.2 
22312322 54.6 
21332233 58.9 
22232212 46.2 
21212112 51.2 
21332131 58.5 
33333333 49 
11312233 51.6 
21313313 64.4 
21133233 48.8 
31212332 53.4 
23313333 61.2 
21212111 57.2 
21313333 62.9 
22311331 58.9 
21333333 58 
21312313 62.2 
21312133 60.1 
21212231 59.9 
21311233 62.7 
22311233 60.9 
22313232 58.8 
21313331 62.2 
21311311 61 
21312123 60.8 
22312331 59.3 
22313331 58.5 
21311331 62.9 
22312233 61 
21112333 61.6 
21313231 61 
21313233 60 
22313231 59 
22312133 57.1 
21312311 59.1 
21212233 60 
22312231 60 
22313333 64.3 
21112331 61.6 
21312333 64.4 
21311313 61.2 
21112233 58.7 
21312331 60.6 
21312213 60.6 
22112333 58 
21311333 59.2 
21312332 59.9 
21113333 61 
21312233 63.1 
22312313 61 
22112233 58.7
